2695
677
2965
2964
3388
749
751
750
3486
983
1051
1474
1437
1392
1343
1554
1555
3325
1482
1550
1351
1441
1276
1206
1207
1274
1279
1208
2146
2489
1578
2503
1999
2401
1681
1611
2466
2758
2424
2293
2026
1947
1627
2073
2015
2193
2614
2085
3341
2350
3323
3322
500
1068
2139
2204
2130
2129
2349
2103
2116
2059
2776
2113
2754
2039
2133
3487
2210
2120
2209
1740
2102
2347
1710
2125
2096
1111
2236
2175
2212
2213
2239
1926
2161
2066
2245
1737
2142
2182
2078
2550
2476
2341
1733
1730
2202
1072
2240
2363
2194
2099
2077
2051
2086
2276
2275
2088
2513
1913
2191
2187
2551
2104
2244
2259
2552
2512
2778
2203
2601
3321
2553
2131
2157
2554
1904
2962
576
3479
754
757
756
2136
1872
2162
2148
582
2092
2732
2177
1138
1992
2319
2510
2290
2145
2095
1743
2143
2610
2224
2521
2522
2571
1864
2693
1634
2214
2483
1915
1991
1169
2256
2257
2345
2332
2218
1854
2260
2261
2262
2337
2398
2392
2400
2372
1646
2365
1641
2152
2160
2168
2144
2151
2163
2149
1294
1211
2167
1212
1219
1645
1217
1209
1644
1643
1642
1906
2598
2150
1650
2229
2228
1951
2387
2389
2374
1647
2354
2192
1736
1742
1238
1852
2292
2289
1064
2169
2523
2197
2200
2186
2001
1648
1065
2532
1067
1066
2333
2619
2388
2375
2172
2117
1651
1744
1745
1746
1649
1747
1748
2331
1749
1750
1751
1415
1752
1753
1754
1758
1963
1334
1759
1760
1761
1763
2211
1764
1765
2208
1766
1767
1768
1769
1770
1771
1772
1773
1774
1775
1776
1777
1778
2597
1780
1781
1782
1783
1784
1786
2460
1787
1788
1789
1790
1968
1791
1792
2132
1793
1794
1795
1796
1797
1798
2234
2238
1799
1800
1801
1802
1803
1804
1805
2330
2410
2411
1720
1812
1813
1815
1818
1819
1816
1822
1823
1824
1825
1827
1832
1833
1837
1846
1847
1848
1849
1952
1070
3329
3328
3327
1897
2195
1718
1716
2080
1884
1719
1707
1713
1894
1715
1691
1698
1727
2281
2233
1948
1995
1881
1888
2644
2738
2595
1891
2274
1923
2084
1976
1470
2665
2382
1899
1885
2205
2190
2119
2736
1673
1896
1674
2280
2301
1675
2134
1676
2613
1598
1677
2373
1985
1945
1996
2397
2207
2608
1949
1594
2241
2428
2296
3541
3542
2963
2961
985
3597
3496
3685
3393
994
996
3515
884
882
875
873
874
871
872
869
870
867
865
866
863
864
859
860
857
858
855
856
854
852
849
850
848
843
844
841
839
840
835
833
938
932
929
930
927
928
924
919
917
918
915
912
909
905
906
903
901
899
893
891
892
885
883
886
820
3401
3383
3598
3599
3392
738
573
3512
585
631
583
948
950
952
612
555
3616
535
719
988
3652
713
3614
997
496
987
945
1011
486
711
710
567
3511
943
3551
499
698
675
1006
504
807
3548
3600
3546
753
752
755
758
687
977
979
980
981
497
521
564
568
986
554
549
715
3533
3517
3534
3544
995
3631
805
523
498
1013
992
1005
3530
2448
2513
756
2618
1743
2383
2392
2390
2391
1741
1826
1827
1834
1835
999
1001
994
587
946
1013
3383
